Country,WHOREGION,FLUREGION,Year,Week,SDATE,EDATE,SPEC_RECEIVED_NB,SPEC_PROCESSED_NB,AH1,AH1N12009,AH3,AH5,ANOTSUBTYPED,INF_A,BYAMAGATA,BVICTORIA,BNOTDETERMINED,INF_B,ALL_INF,ALL_INF2,TITLE

Peru,Region of the Americas of WHO,Tropical South America,2012,1,2012-01-02,2012-01-08,31,5,0,0,2,0,0,2,0,0,0,0,2,3,Sporadic

Peru,Region of the Americas of WHO,Tropical South America,2012,2,2012-01-09,2012-01-15,91,68,0,0,5,0,3,8,0,0,2,2,10,58,Sporadic

Peru,Region of the Americas of WHO,Tropical South America,2012,3,2012-01-16,2012-01-22,51,58,0,0,2,0,1,3,0,0,0,0,3,55,Sporadic

Peru,Region of the Americas of WHO,Tropical South America,2012,4,2012-01-23,2012-01-29,47,64,0,0,1,0,2,3,0,0,1,1,4,60,Sporadic

Peru,Region of the Americas of WHO,Tropical South America,2012,5,2012-01-30,2012-02-05,40,63,0,0,3,0,0,3,0,0,2,2,5,58,Sporadic

Peru,Region of the Americas of WHO,Tropical South America,2012,6,2012-02-06,2012-02-12,68,44,0,0,2,0,0,2,0,0,0,0,2,42,Sporadic

Peru,Region of the Americas of WHO,Tropical South America,2012,7,2012-02-13,2012-02-19,24,52,0,0,1,0,3,4,0,0,0,0,4,48,Sporadic

Peru,Region of the Americas of WHO,Tropical South America,2012,8,2012-02-20,2012-02-26,53,51,0,0,2,0,2,4,0,0,0,0,4,47,Sporadic

Peru,Region of the Americas of WHO,Tropical South America,2012,9,2012-02-27,2012-03-04,36,60,0,0,0,0,0,0,0,0,0,0,0,60,Sporadic

Peru,Region of the Americas of WHO,Tropical South America,2012,10,2012-03-05,2012-03-11,54,66,0,2,3,0,2,7,0,0,0,0,7,59,Sporadic

Peru,Region of the Americas of WHO,Tropical South America,2012,11,2012-03-12,2012-03-18,54,77,0,1,8,0,2,11,0,0,0,0,11,66,Sporadic

Peru,Region of the Americas of WHO,Tropical South America,2012,12,2012-03-19,2012-03-25,53,72,0,0,11,0,5,16,0,0,0,0,16,56,Sporadic

Peru,Region of the Americas of WHO,Tropical South America,2012,13,2012-03-26,2012-04-01,88,82,0,0,10,0,3,13,0,0,2,2,15,67,Sporadic

Peru,Region of the Americas of WHO,Tropical South America,2012,14,2012-04-02,2012-04-08,36,76,0,1,1,0,0,2,0,0,0,0,2,74,Sporadic

Peru,Region of the Americas of WHO,Tropical South America,2012,15,2012-04-09,2012-04-15,75,84,0,0,2,0,4,6,0,0,0,0,6,78,Sporadic

Peru,Region of the Americas of WHO,Tropical South America,2012,16,2012-04-16,2012-04-22,62,146,0,0,2,0,6,8,0,0,3,3,11,135,Sporadic

Peru,Region of the Americas of WHO,Tropical South America,2012,17,2012-04-23,2012-04-29,66,152,0,0,5,0,1,6,0,0,2,2,8,144,Sporadic

Peru,Region of the Americas of WHO,Tropical South America,2012,18,2012-04-30,2012-05-06,81,144,0,0,2,0,6,8,0,0,0,0,8,136,Sporadic

Peru,Region of the Americas of WHO,Tropical South America,2012,19,2012-05-07,2012-05-13,60,98,0,0,1,0,1,2,0,0,2,2,4,94,Sporadic

Peru,Region of the Americas of WHO,Tropical South America,2012,20,2012-05-14,2012-05-20,143,119,0,2,3,0,1,6,0,0,1,1,7,112,Sporadic

Peru,Region of the Americas of WHO,Tropical South America,2012,21,2012-05-21,2012-05-27,80,111,0,0,2,0,4,6,0,0,2,2,8,103,Sporadic

Peru,Region of the Americas of WHO,Tropical South America,2012,22,2012-05-28,2012-06-03,93,88,0,1,0,0,5,6,0,0,1,1,7,81,Sporadic

Peru,Region of the Americas of WHO,Tropical South America,2012,23,2012-06-04,2012-06-10,77,94,0,2,1,0,1,4,0,0,4,4,8,86,Sporadic

Peru,Region of the Americas of WHO,Tropical South America,2012,24,2012-06-11,2012-06-17,108,115,0,2,1,0,2,5,0,0,5,5,10,105,Sporadic

Peru,Region of the Americas of WHO,Tropical South America,2012,25,2012-06-18,2012-06-24,74,102,0,1,0,0,8,9,0,0,9,9,18,84,Sporadic

Peru,Region of the Americas of WHO,Tropical South America,2012,26,2012-06-25,2012-07-01,69,69,0,1,0,0,2,3,0,0,12,12,15,54,Sporadic

Peru,Region of the Americas of WHO,Tropical South America,2012,27,2012-07-02,2012-07-08,58,58,0,2,1,0,0,3,0,0,2,2,5,53,Sporadic

Peru,Region of the Americas of WHO,Tropical South America,2012,28,2012-07-09,2012-07-15,35,35,0,1,2,0,1,4,0,0,4,4,8,27,Sporadic

Peru,Region of the Americas of WHO,Tropical South America,2012,29,2012-07-16,2012-07-22,55,45,0,1,1,0,3,5,0,0,3,3,8,37,Sporadic

Peru,Region of the Americas of WHO,Tropical South America,2012,30,2012-07-23,2012-07-29,42,42,0,3,0,0,0,3,0,0,9,9,12,30,Sporadic

Peru,Region of the Americas of WHO,Tropical South America,2012,31,2012-07-30,2012-08-05,41,41,0,1,0,0,0,1,0,0,7,7,8,33,Sporadic

Peru,Region of the Americas of WHO,Tropical South America,2012,32,2012-08-06,2012-08-12,61,61,0,0,1,0,0,1,0,0,22,22,23,38,Sporadic

Peru,Region of the Americas of WHO,Tropical South America,2012,33,2012-08-13,2012-08-19,48,48,0,1,3,0,0,4,0,0,10,10,14,34,Sporadic

Peru,Region of the Americas of WHO,Tropical South America,2012,34,2012-08-20,2012-08-26,43,43,0,1,0,0,0,1,0,0,5,5,6,37,Sporadic

Peru,Region of the Americas of WHO,Tropical South America,2012,35,2012-08-27,2012-09-02,16,43,0,0,0,0,0,0,0,0,5,5,5,38,Sporadic

Peru,Region of the Americas of WHO,Tropical South America,2012,36,2012-09-03,2012-09-09,44,46,0,0,0,0,0,0,0,0,6,6,6,40,Sporadic

Peru,Region of the Americas of WHO,Tropical South America,2012,37,2012-09-10,2012-09-16,42,42,0,0,0,0,0,0,0,0,14,14,14,28,Sporadic

Peru,Region of the Americas of WHO,Tropical South America,2012,38,2012-09-17,2012-09-23,60,48,0,1,0,0,0,1,0,0,3,3,4,44,Sporadic

Peru,Region of the Americas of WHO,Tropical South America,2012,39,2012-09-24,2012-09-30,40,40,0,2,0,0,0,2,0,0,3,3,5,35,Sporadic

Peru,Region of the Americas of WHO,Tropical South America,2012,40,2012-10-01,2012-10-07,51,49,0,0,0,0,0,0,0,0,3,3,3,46,Sporadic

Peru,Region of the Americas of WHO,Tropical South America,2012,41,2012-10-08,2012-10-14,65,59,0,2,1,0,0,3,0,0,2,2,5,54,Sporadic

Peru,Region of the Americas of WHO,Tropical South America,2012,42,2012-10-15,2012-10-21,75,75,0,0,0,0,0,0,0,0,1,1,1,74,Sporadic

Peru,Region of the Americas of WHO,Tropical South America,2012,43,2012-10-22,2012-10-28,50,50,0,3,0,0,0,3,0,0,0,0,3,47,Sporadic

Peru,Region of the Americas of WHO,Tropical South America,2012,44,2012-10-29,2012-11-04,59,59,0,1,0,0,0,1,0,0,0,0,1,58,Sporadic

Peru,Region of the Americas of WHO,Tropical South America,2012,45,2012-11-05,2012-11-11,75,75,0,0,0,0,0,0,0,0,10,10,10,65,Sporadic

Peru,Region of the Americas of WHO,Tropical South America,2012,46,2012-11-12,2012-11-18,81,81,0,3,0,0,0,3,0,0,2,2,5,76,Sporadic

Peru,Region of the Americas of WHO,Tropical South America,2012,47,2012-11-19,2012-11-25,,57,0,1,0,,0,1,,,0,0,1,56,No Report

Peru,Region of the Americas of WHO,Tropical South America,2012,48,2012-11-26,2012-12-02,,45,0,3,0,,0,3,,,3,3,6,39,No Report

Peru,Region of the Americas of WHO,Tropical South America,2012,49,2012-12-03,2012-12-09,,37,0,0,1,,0,1,,,0,0,1,36,No Report

Peru,Region of the Americas of WHO,Tropical South America,2012,50,2012-12-10,2012-12-16,42,42,0,1,0,0,0,1,0,0,0,0,1,41,Sporadic

Peru,Region of the Americas of WHO,Tropical South America,2012,51,2012-12-17,2012-12-23,51,51,0,0,2,0,0,2,0,0,0,0,2,49,Sporadic

Peru,Region of the Americas of WHO,Tropical South America,2012,52,2012-12-24,2012-12-30,22,25,0,0,1,0,0,1,0,0,0,0,1,24,Sporadic


