Country,WHOREGION,FLUREGION,Year,Week,SDATE,EDATE,SPEC_RECEIVED_NB,SPEC_PROCESSED_NB,AH1,AH1N12009,AH3,AH5,ANOTSUBTYPED,INF_A,BYAMAGATA,BVICTORIA,BNOTDETERMINED,INF_B,ALL_INF,ALL_INF2,TITLE

Peru,Region of the Americas of WHO,Tropical South America,2014,1,2013-12-30,2014-01-05,,25,0,0,0,,0,0,0,0,0,0,0,25,No Report

Peru,Region of the Americas of WHO,Tropical South America,2014,2,2014-01-06,2014-01-12,,48,0,0,0,,0,0,0,0,0,0,0,48,No Report

Peru,Region of the Americas of WHO,Tropical South America,2014,3,2014-01-13,2014-01-19,,43,0,0,0,,0,0,0,0,0,0,0,43,No Report

Peru,Region of the Americas of WHO,Tropical South America,2014,4,2014-01-20,2014-01-26,,38,0,0,0,,0,0,0,0,0,0,0,38,No Report

Peru,Region of the Americas of WHO,Tropical South America,2014,5,2014-01-27,2014-02-02,,54,0,0,0,,0,0,0,0,0,0,0,54,No Report

Peru,Region of the Americas of WHO,Tropical South America,2014,6,2014-02-03,2014-02-09,,32,0,0,0,,0,0,0,0,0,0,0,32,No Report

Peru,Region of the Americas of WHO,Tropical South America,2014,7,2014-02-10,2014-02-16,,33,0,0,0,,0,0,0,0,0,0,0,33,No Report

Peru,Region of the Americas of WHO,Tropical South America,2014,8,2014-02-17,2014-02-23,,40,0,0,0,,0,0,0,0,0,0,0,40,No Report

Peru,Region of the Americas of WHO,Tropical South America,2014,9,2014-02-24,2014-03-02,,29,0,0,0,,0,0,0,0,0,0,0,29,No Report

Peru,Region of the Americas of WHO,Tropical South America,2014,10,2014-03-03,2014-03-09,,25,0,0,1,,0,1,0,0,0,0,1,24,No Report

Peru,Region of the Americas of WHO,Tropical South America,2014,11,2014-03-10,2014-03-16,,26,0,0,0,,0,0,0,0,1,1,1,25,No Report

Peru,Region of the Americas of WHO,Tropical South America,2014,12,2014-03-17,2014-03-23,,43,0,0,0,,0,0,0,0,0,0,0,43,No Report

Peru,Region of the Americas of WHO,Tropical South America,2014,13,2014-03-24,2014-03-30,,53,0,0,0,,0,0,0,0,1,1,1,52,No Report

Peru,Region of the Americas of WHO,Tropical South America,2014,14,2014-03-31,2014-04-06,,36,0,1,1,,0,2,0,0,0,0,2,34,No Report

Peru,Region of the Americas of WHO,Tropical South America,2014,15,2014-04-07,2014-04-13,,47,0,0,0,,0,0,0,0,0,0,0,47,No Report

Peru,Region of the Americas of WHO,Tropical South America,2014,16,2014-04-14,2014-04-20,,39,0,0,0,,0,0,0,0,0,0,0,39,No Report

Peru,Region of the Americas of WHO,Tropical South America,2014,17,2014-04-21,2014-04-27,,48,0,0,1,,0,1,0,0,0,0,1,47,No Report

Peru,Region of the Americas of WHO,Tropical South America,2014,18,2014-04-28,2014-05-04,,44,0,1,2,,0,3,0,0,0,0,3,41,No Report

Peru,Region of the Americas of WHO,Tropical South America,2014,19,2014-05-05,2014-05-11,,93,0,0,21,,0,21,0,0,0,0,21,72,No Report

Peru,Region of the Americas of WHO,Tropical South America,2014,20,2014-05-12,2014-05-18,,44,0,0,0,,0,0,0,0,1,1,1,43,No Report

Peru,Region of the Americas of WHO,Tropical South America,2014,21,2014-05-19,2014-05-25,,63,0,1,1,,0,2,0,0,1,1,3,60,No Report

Peru,Region of the Americas of WHO,Tropical South America,2014,22,2014-05-26,2014-06-01,,92,0,2,2,,0,4,0,0,0,0,4,88,No Report

Peru,Region of the Americas of WHO,Tropical South America,2014,23,2014-06-02,2014-06-08,,89,0,15,1,,0,16,2,0,0,2,18,71,No Report

Peru,Region of the Americas of WHO,Tropical South America,2014,24,2014-06-09,2014-06-15,,83,0,3,0,,0,3,0,0,0,0,3,80,No Report

Peru,Region of the Americas of WHO,Tropical South America,2014,25,2014-06-16,2014-06-22,,81,0,2,1,,0,3,0,0,0,0,3,78,No Report

Peru,Region of the Americas of WHO,Tropical South America,2014,26,2014-06-23,2014-06-29,,85,0,2,4,,0,6,3,0,0,3,9,76,No Report

Peru,Region of the Americas of WHO,Tropical South America,2014,27,2014-06-30,2014-07-06,,84,0,5,3,,0,8,2,0,0,2,10,74,No Report

Peru,Region of the Americas of WHO,Tropical South America,2014,28,2014-07-07,2014-07-13,,68,0,9,5,,0,14,1,0,0,1,15,53,No Report

Peru,Region of the Americas of WHO,Tropical South America,2014,29,2014-07-14,2014-07-20,,82,0,7,9,,0,16,6,0,0,6,22,60,No Report

Peru,Region of the Americas of WHO,Tropical South America,2014,30,2014-07-21,2014-07-27,,108,0,15,19,,0,34,2,0,0,2,36,72,No Report

Peru,Region of the Americas of WHO,Tropical South America,2014,31,2014-07-28,2014-08-03,,58,0,3,7,,0,10,3,0,0,3,13,45,No Report

Peru,Region of the Americas of WHO,Tropical South America,2014,32,2014-08-04,2014-08-10,,118,0,17,19,,0,36,9,0,0,9,45,73,No Report

Peru,Region of the Americas of WHO,Tropical South America,2014,33,2014-08-11,2014-08-17,,178,0,9,26,,0,35,21,0,0,21,56,122,No Report

Peru,Region of the Americas of WHO,Tropical South America,2014,34,2014-08-18,2014-08-24,,176,0,26,22,,0,48,14,0,0,14,62,114,No Report

Peru,Region of the Americas of WHO,Tropical South America,2014,35,2014-08-25,2014-08-31,,138,0,12,24,,0,36,19,0,0,19,55,83,No Report

Peru,Region of the Americas of WHO,Tropical South America,2014,36,2014-09-01,2014-09-07,,158,0,17,26,,0,43,13,0,0,13,56,102,No Report

Peru,Region of the Americas of WHO,Tropical South America,2014,37,2014-09-08,2014-09-14,,124,0,6,10,,0,16,14,0,0,14,30,94,No Report

Peru,Region of the Americas of WHO,Tropical South America,2014,38,2014-09-15,2014-09-21,,102,0,8,9,,0,17,12,0,0,12,29,73,No Report

Peru,Region of the Americas of WHO,Tropical South America,2014,39,2014-09-22,2014-09-28,,99,0,3,6,,0,9,11,0,0,11,20,79,No Report

Peru,Region of the Americas of WHO,Tropical South America,2014,40,2014-09-29,2014-10-05,,72,0,2,7,,0,9,3,0,0,3,12,60,No Report

Peru,Region of the Americas of WHO,Tropical South America,2014,41,2014-10-06,2014-10-12,,88,0,1,1,,0,2,5,0,0,5,7,81,No Report

Peru,Region of the Americas of WHO,Tropical South America,2014,42,2014-10-13,2014-10-19,,70,0,2,2,,0,4,1,0,0,1,5,65,No Report

Peru,Region of the Americas of WHO,Tropical South America,2014,43,2014-10-20,2014-10-26,,57,0,1,1,,0,2,2,0,0,2,4,53,No Report

Peru,Region of the Americas of WHO,Tropical South America,2014,44,2014-10-27,2014-11-02,,62,0,0,0,,0,0,2,0,0,2,2,60,No Report

Peru,Region of the Americas of WHO,Tropical South America,2014,45,2014-11-03,2014-11-09,,52,0,0,0,,0,0,4,0,0,4,4,48,No Report

Peru,Region of the Americas of WHO,Tropical South America,2014,46,2014-11-10,2014-11-16,,51,0,0,1,,0,1,1,0,0,1,2,49,No Report

Peru,Region of the Americas of WHO,Tropical South America,2014,47,2014-11-17,2014-11-23,,40,0,1,0,,0,1,1,0,0,1,2,38,No Report

Peru,Region of the Americas of WHO,Tropical South America,2014,48,2014-11-24,2014-11-30,,37,0,0,0,,0,0,0,0,0,0,0,37,No Report

Peru,Region of the Americas of WHO,Tropical South America,2014,49,2014-12-01,2014-12-07,,42,0,1,1,,0,2,0,0,0,0,2,40,No Report

Peru,Region of the Americas of WHO,Tropical South America,2014,50,2014-12-08,2014-12-14,,32,0,0,0,,0,0,2,0,0,2,2,30,No Report

Peru,Region of the Americas of WHO,Tropical South America,2014,51,2014-12-15,2014-12-21,,42,0,0,2,,0,2,0,0,0,0,2,40,No Report

Peru,Region of the Americas of WHO,Tropical South America,2014,52,2014-12-22,2014-12-28,,23,0,2,0,,0,2,0,0,0,0,2,21,No Report


