Country,WHOREGION,FLUREGION,Year,Week,SDATE,EDATE,SPEC_RECEIVED_NB,SPEC_PROCESSED_NB,AH1,AH1N12009,AH3,AH5,ANOTSUBTYPED,INF_A,BYAMAGATA,BVICTORIA,BNOTDETERMINED,INF_B,ALL_INF,ALL_INF2,TITLE

Lao People's Democratic Republic,Western Pacific Region of WHO,South-East Asia,2017,1,2017-01-02,2017-01-08,57,57,,7,2,0,0,9,2,7,0,9,18,39,No Report

Lao People's Democratic Republic,Western Pacific Region of WHO,South-East Asia,2017,2,2017-01-09,2017-01-15,90,90,,6,0,0,0,6,3,10,0,13,19,71,No Report

Lao People's Democratic Republic,Western Pacific Region of WHO,South-East Asia,2017,3,2017-01-16,2017-01-22,112,112,,8,0,0,0,8,1,13,1,15,23,89,No Report

Lao People's Democratic Republic,Western Pacific Region of WHO,South-East Asia,2017,4,2017-01-23,2017-01-29,104,104,,11,1,0,0,12,2,13,0,15,27,77,No Report

Lao People's Democratic Republic,Western Pacific Region of WHO,South-East Asia,2017,5,2017-01-30,2017-02-05,78,78,,4,0,0,0,4,0,6,0,6,10,68,No Report

Lao People's Democratic Republic,Western Pacific Region of WHO,South-East Asia,2017,6,2017-02-06,2017-02-12,68,68,,1,1,0,0,2,2,5,0,7,9,59,No Report

Lao People's Democratic Republic,Western Pacific Region of WHO,South-East Asia,2017,7,2017-02-13,2017-02-19,92,92,,3,1,0,0,4,1,6,0,7,11,81,No Report

Lao People's Democratic Republic,Western Pacific Region of WHO,South-East Asia,2017,8,2017-02-20,2017-02-26,106,106,,2,1,0,0,3,2,4,0,6,9,97,No Report

Lao People's Democratic Republic,Western Pacific Region of WHO,South-East Asia,2017,9,2017-02-27,2017-03-05,101,101,,4,1,0,0,5,2,4,0,6,11,90,No Report

Lao People's Democratic Republic,Western Pacific Region of WHO,South-East Asia,2017,10,2017-03-06,2017-03-12,70,70,,0,0,0,0,0,1,1,0,2,2,68,No Report

Lao People's Democratic Republic,Western Pacific Region of WHO,South-East Asia,2017,11,2017-03-13,2017-03-19,73,73,,0,0,0,0,0,0,0,0,0,0,73,No Report

Lao People's Democratic Republic,Western Pacific Region of WHO,South-East Asia,2017,12,2017-03-20,2017-03-26,73,73,,3,0,0,0,3,0,2,0,2,5,68,No Report

Lao People's Democratic Republic,Western Pacific Region of WHO,South-East Asia,2017,13,2017-03-27,2017-04-02,81,81,,2,1,0,0,3,0,0,0,0,3,78,No Report

Lao People's Democratic Republic,Western Pacific Region of WHO,South-East Asia,2017,14,2017-04-03,2017-04-09,81,81,,1,1,0,0,2,1,1,0,2,4,77,No Report

Lao People's Democratic Republic,Western Pacific Region of WHO,South-East Asia,2017,15,2017-04-10,2017-04-16,63,63,,0,0,0,0,0,2,1,0,3,3,60,No Report

Lao People's Democratic Republic,Western Pacific Region of WHO,South-East Asia,2017,16,2017-04-17,2017-04-23,40,40,,0,1,0,0,1,0,0,0,0,1,39,No Report

Lao People's Democratic Republic,Western Pacific Region of WHO,South-East Asia,2017,17,2017-04-24,2017-04-30,90,90,,4,2,0,0,6,1,0,0,1,7,83,No Report

Lao People's Democratic Republic,Western Pacific Region of WHO,South-East Asia,2017,18,2017-05-01,2017-05-07,72,72,,1,0,0,0,1,0,0,0,0,1,71,No Report

Lao People's Democratic Republic,Western Pacific Region of WHO,South-East Asia,2017,19,2017-05-08,2017-05-14,121,121,,7,2,0,0,9,0,5,0,5,14,107,No Report

Lao People's Democratic Republic,Western Pacific Region of WHO,South-East Asia,2017,20,2017-05-15,2017-05-21,63,63,,0,2,0,0,2,0,2,0,2,4,59,No Report

Lao People's Democratic Republic,Western Pacific Region of WHO,South-East Asia,2017,21,2017-05-22,2017-05-28,85,85,,3,2,0,0,5,0,4,0,4,9,76,No Report

Lao People's Democratic Republic,Western Pacific Region of WHO,South-East Asia,2017,22,2017-05-29,2017-06-04,138,138,,0,2,0,0,2,0,4,0,4,6,132,No Report

Lao People's Democratic Republic,Western Pacific Region of WHO,South-East Asia,2017,23,2017-06-05,2017-06-11,94,94,,2,4,0,0,6,0,2,0,2,8,86,No Report

Lao People's Democratic Republic,Western Pacific Region of WHO,South-East Asia,2017,24,2017-06-12,2017-06-18,93,93,,0,7,0,0,7,0,2,0,2,9,84,No Report

Lao People's Democratic Republic,Western Pacific Region of WHO,South-East Asia,2017,25,2017-06-19,2017-06-25,85,85,,1,0,0,0,1,0,1,0,1,2,83,No Report

Lao People's Democratic Republic,Western Pacific Region of WHO,South-East Asia,2017,26,2017-06-26,2017-07-02,82,82,,2,4,0,0,6,0,1,0,1,7,75,No Report

Lao People's Democratic Republic,Western Pacific Region of WHO,South-East Asia,2017,27,2017-07-03,2017-07-09,75,75,,1,2,0,0,3,0,0,0,0,3,72,No Report

Lao People's Democratic Republic,Western Pacific Region of WHO,South-East Asia,2017,28,2017-07-10,2017-07-16,107,107,,0,2,0,0,2,1,0,0,1,3,104,No Report

Lao People's Democratic Republic,Western Pacific Region of WHO,South-East Asia,2017,29,2017-07-17,2017-07-23,70,70,,0,6,0,0,6,1,0,0,1,7,63,No Report

Lao People's Democratic Republic,Western Pacific Region of WHO,South-East Asia,2017,30,2017-07-24,2017-07-30,90,90,,1,7,0,0,8,2,1,0,3,11,79,No Report

Lao People's Democratic Republic,Western Pacific Region of WHO,South-East Asia,2017,31,2017-07-31,2017-08-06,141,141,,1,21,0,0,22,1,0,0,1,23,118,No Report

Lao People's Democratic Republic,Western Pacific Region of WHO,South-East Asia,2017,32,2017-08-07,2017-08-13,140,140,,0,33,0,0,33,2,0,0,2,35,105,No Report

Lao People's Democratic Republic,Western Pacific Region of WHO,South-East Asia,2017,33,2017-08-14,2017-08-20,147,147,,0,28,0,0,28,2,0,2,4,32,115,No Report

Lao People's Democratic Republic,Western Pacific Region of WHO,South-East Asia,2017,34,2017-08-21,2017-08-27,68,68,,0,18,0,0,18,1,0,0,1,19,49,No Report

Lao People's Democratic Republic,Western Pacific Region of WHO,South-East Asia,2017,35,2017-08-28,2017-09-03,140,140,,0,45,0,0,45,3,0,0,3,48,92,No Report

Lao People's Democratic Republic,Western Pacific Region of WHO,South-East Asia,2017,36,2017-09-04,2017-09-10,113,113,,1,42,0,0,43,3,0,0,3,46,67,No Report

Lao People's Democratic Republic,Western Pacific Region of WHO,South-East Asia,2017,37,2017-09-11,2017-09-17,163,163,,1,54,0,0,55,6,1,0,7,62,101,No Report

Lao People's Democratic Republic,Western Pacific Region of WHO,South-East Asia,2017,38,2017-09-18,2017-09-24,169,169,,1,44,0,0,45,4,1,0,5,50,119,No Report

Lao People's Democratic Republic,Western Pacific Region of WHO,South-East Asia,2017,39,2017-09-25,2017-10-01,112,112,,0,31,0,0,31,7,0,0,7,38,74,No Report

Lao People's Democratic Republic,Western Pacific Region of WHO,South-East Asia,2017,40,2017-10-02,2017-10-08,99,99,,1,20,0,1,22,7,0,0,7,29,70,No Report

Lao People's Democratic Republic,Western Pacific Region of WHO,South-East Asia,2017,41,2017-10-09,2017-10-15,103,103,,0,12,0,0,12,12,0,0,12,24,79,No Report

Lao People's Democratic Republic,Western Pacific Region of WHO,South-East Asia,2017,42,2017-10-16,2017-10-22,135,135,,0,17,0,0,17,19,0,0,19,36,99,No Report

Lao People's Democratic Republic,Western Pacific Region of WHO,South-East Asia,2017,43,2017-10-23,2017-10-29,107,107,,0,15,0,0,15,7,1,0,8,23,84,No Report

Lao People's Democratic Republic,Western Pacific Region of WHO,South-East Asia,2017,44,2017-10-30,2017-11-05,87,87,,1,13,0,0,14,5,0,0,5,19,68,No Report

Lao People's Democratic Republic,Western Pacific Region of WHO,South-East Asia,2017,45,2017-11-06,2017-11-12,86,86,,0,2,0,0,2,3,0,0,3,5,81,No Report

Lao People's Democratic Republic,Western Pacific Region of WHO,South-East Asia,2017,46,2017-11-13,2017-11-19,71,71,,0,0,0,0,0,8,0,0,8,8,63,No Report

Lao People's Democratic Republic,Western Pacific Region of WHO,South-East Asia,2017,47,2017-11-20,2017-11-26,62,62,,0,2,0,0,2,3,0,0,3,5,57,No Report

Lao People's Democratic Republic,Western Pacific Region of WHO,South-East Asia,2017,48,2017-11-27,2017-12-03,74,74,,0,1,0,0,1,3,0,0,3,4,70,No Report

Lao People's Democratic Republic,Western Pacific Region of WHO,South-East Asia,2017,49,2017-12-04,2017-12-10,148,148,,0,4,0,0,4,9,1,0,10,14,134,No Report

Lao People's Democratic Republic,Western Pacific Region of WHO,South-East Asia,2017,50,2017-12-11,2017-12-17,85,85,,0,3,0,0,3,9,0,0,9,12,73,No Report

Lao People's Democratic Republic,Western Pacific Region of WHO,South-East Asia,2017,51,2017-12-18,2017-12-24,77,77,,0,1,0,0,1,4,0,0,4,5,72,No Report

Lao People's Democratic Republic,Western Pacific Region of WHO,South-East Asia,2017,52,2017-12-25,2017-12-31,65,65,,0,1,0,0,1,4,0,0,4,5,60,No Report


