Country,WHOREGION,FLUREGION,Year,Week,SDATE,EDATE,SPEC_RECEIVED_NB,SPEC_PROCESSED_NB,AH1,AH1N12009,AH3,AH5,ANOTSUBTYPED,INF_A,BYAMAGATA,BVICTORIA,BNOTDETERMINED,INF_B,ALL_INF,ALL_INF2,TITLE

India,South-East Asia Region of WHO,Southern Asia,2012,1,2012-01-02,2012-01-08,199,199,0,1,11,0,0,12,0,0,21,21,33,,Sporadic

India,South-East Asia Region of WHO,Southern Asia,2012,2,2012-01-09,2012-01-15,246,246,0,0,11,0,0,11,0,1,14,15,26,,Sporadic

India,South-East Asia Region of WHO,Southern Asia,2012,3,2012-01-16,2012-01-22,239,239,0,2,18,0,0,20,0,3,8,11,31,,Sporadic

India,South-East Asia Region of WHO,Southern Asia,2012,4,2012-01-23,2012-01-29,226,226,0,0,6,0,0,6,0,1,13,14,20,,Sporadic

India,South-East Asia Region of WHO,Southern Asia,2012,5,2012-01-30,2012-02-05,275,275,0,1,16,0,0,17,0,0,14,14,31,,Sporadic

India,South-East Asia Region of WHO,Southern Asia,2012,6,2012-02-06,2012-02-12,215,215,0,1,7,0,0,8,0,0,8,8,16,,Sporadic

India,South-East Asia Region of WHO,Southern Asia,2012,7,2012-02-13,2012-02-19,216,215,0,0,6,0,0,6,0,0,11,11,17,,Sporadic

India,South-East Asia Region of WHO,Southern Asia,2012,8,2012-02-20,2012-02-26,222,222,0,4,10,0,0,14,0,0,16,16,30,,Sporadic

India,South-East Asia Region of WHO,Southern Asia,2012,9,2012-02-27,2012-03-04,213,213,0,2,6,0,0,8,0,0,14,14,22,,Sporadic

India,South-East Asia Region of WHO,Southern Asia,2012,10,2012-03-05,2012-03-11,212,212,0,10,4,0,0,14,0,0,13,13,27,,Sporadic

India,South-East Asia Region of WHO,Southern Asia,2012,11,2012-03-12,2012-03-18,328,328,0,28,4,0,0,32,0,6,29,35,67,,Sporadic

India,South-East Asia Region of WHO,Southern Asia,2012,12,2012-03-19,2012-03-25,505,504,0,75,4,0,0,79,1,13,22,36,115,,Regional Outbreak

India,South-East Asia Region of WHO,Southern Asia,2012,13,2012-03-26,2012-04-01,589,589,0,100,1,0,0,101,0,1,39,40,141,,Regional Outbreak

India,South-East Asia Region of WHO,Southern Asia,2012,14,2012-04-02,2012-04-08,499,498,0,49,15,0,0,64,0,0,35,35,99,,Regional Outbreak

India,South-East Asia Region of WHO,Southern Asia,2012,15,2012-04-09,2012-04-15,543,543,0,41,1,0,0,42,0,4,46,50,92,,Regional Outbreak

India,South-East Asia Region of WHO,Southern Asia,2012,16,2012-04-16,2012-04-22,411,411,0,29,1,0,0,30,1,4,16,21,51,,Regional Outbreak

India,South-East Asia Region of WHO,Southern Asia,2012,17,2012-04-23,2012-04-29,416,416,0,15,2,0,0,17,0,0,19,19,36,,Regional Outbreak

India,South-East Asia Region of WHO,Southern Asia,2012,18,2012-04-30,2012-05-06,360,360,0,18,0,0,0,18,0,1,14,15,33,,Sporadic

India,South-East Asia Region of WHO,Southern Asia,2012,19,2012-05-07,2012-05-13,315,315,0,17,0,0,0,17,0,3,8,11,28,,Sporadic

India,South-East Asia Region of WHO,Southern Asia,2012,20,2012-05-14,2012-05-20,396,396,0,20,0,0,0,20,0,0,11,11,31,,Sporadic

India,South-East Asia Region of WHO,Southern Asia,2012,21,2012-05-21,2012-05-27,402,402,0,15,0,0,0,15,0,1,12,13,28,,Sporadic

India,South-East Asia Region of WHO,Southern Asia,2012,22,2012-05-28,2012-06-03,255,255,0,8,0,0,0,8,0,0,20,20,28,,Sporadic

India,South-East Asia Region of WHO,Southern Asia,2012,23,2012-06-04,2012-06-10,227,227,0,14,0,0,0,14,0,2,8,10,24,,Sporadic

India,South-East Asia Region of WHO,Southern Asia,2012,24,2012-06-11,2012-06-17,305,305,0,12,0,0,0,12,0,1,17,18,30,,Sporadic

India,South-East Asia Region of WHO,Southern Asia,2012,25,2012-06-18,2012-06-24,318,318,0,9,0,0,0,9,0,0,17,17,26,,Sporadic

India,South-East Asia Region of WHO,Southern Asia,2012,26,2012-06-25,2012-07-01,300,300,0,15,0,0,0,15,0,0,8,8,23,,Sporadic

India,South-East Asia Region of WHO,Southern Asia,2012,27,2012-07-02,2012-07-08,511,511,0,29,0,0,0,29,2,0,25,27,56,,Sporadic

India,South-East Asia Region of WHO,Southern Asia,2012,28,2012-07-09,2012-07-15,419,419,0,9,1,0,0,10,1,0,25,26,36,,Sporadic

India,South-East Asia Region of WHO,Southern Asia,2012,29,2012-07-16,2012-07-22,348,348,0,16,0,0,0,16,0,0,32,32,48,,Sporadic

India,South-East Asia Region of WHO,Southern Asia,2012,30,2012-07-23,2012-07-29,390,390,0,22,0,0,0,22,3,0,28,31,53,,Sporadic

India,South-East Asia Region of WHO,Southern Asia,2012,31,2012-07-30,2012-08-05,419,419,0,34,1,0,0,35,0,0,27,27,62,,Sporadic

India,South-East Asia Region of WHO,Southern Asia,2012,32,2012-08-06,2012-08-12,357,357,0,17,1,0,0,18,1,0,34,35,53,,Sporadic

India,South-East Asia Region of WHO,Southern Asia,2012,33,2012-08-13,2012-08-19,449,449,0,37,0,0,0,37,5,0,33,38,75,,Sporadic

India,South-East Asia Region of WHO,Southern Asia,2012,34,2012-08-20,2012-08-26,472,472,0,43,1,0,0,44,5,1,45,51,95,,Sporadic

India,South-East Asia Region of WHO,Southern Asia,2012,35,2012-08-27,2012-09-02,568,568,0,62,2,0,0,64,5,0,63,68,132,,Sporadic

India,South-East Asia Region of WHO,Southern Asia,2012,36,2012-09-03,2012-09-09,560,557,0,72,0,0,0,72,6,0,82,88,160,,Sporadic

India,South-East Asia Region of WHO,Southern Asia,2012,37,2012-09-10,2012-09-16,600,600,0,68,0,0,0,68,2,0,80,82,150,,Sporadic

India,South-East Asia Region of WHO,Southern Asia,2012,38,2012-09-17,2012-09-23,614,614,0,84,0,0,0,84,0,0,76,76,160,,Sporadic

India,South-East Asia Region of WHO,Southern Asia,2012,39,2012-09-24,2012-09-30,629,629,0,61,0,0,0,61,0,0,83,83,144,,Sporadic

India,South-East Asia Region of WHO,Southern Asia,2012,40,2012-10-01,2012-10-07,480,480,0,60,0,0,0,60,0,0,41,41,101,,Sporadic

India,South-East Asia Region of WHO,Southern Asia,2012,41,2012-10-08,2012-10-14,580,580,0,81,1,0,0,82,1,0,50,51,133,,Sporadic

India,South-East Asia Region of WHO,Southern Asia,2012,42,2012-10-15,2012-10-21,523,523,0,42,0,0,0,42,0,0,30,30,72,,Sporadic

India,South-East Asia Region of WHO,Southern Asia,2012,43,2012-10-22,2012-10-28,366,362,0,36,1,0,0,37,0,0,18,18,55,,Sporadic

India,South-East Asia Region of WHO,Southern Asia,2012,44,2012-10-29,2012-11-04,476,476,0,53,0,0,0,53,0,0,19,19,72,,Sporadic

India,South-East Asia Region of WHO,Southern Asia,2012,45,2012-11-05,2012-11-11,470,470,0,49,1,0,0,50,0,0,14,14,64,,Sporadic

India,South-East Asia Region of WHO,Southern Asia,2012,46,2012-11-12,2012-11-18,340,340,0,43,1,0,0,44,0,0,19,19,63,,Sporadic

India,South-East Asia Region of WHO,Southern Asia,2012,47,2012-11-19,2012-11-25,355,354,0,26,1,0,0,27,0,0,7,7,34,,Sporadic

India,South-East Asia Region of WHO,Southern Asia,2012,48,2012-11-26,2012-12-02,327,327,0,19,3,0,0,22,0,0,9,9,31,,Sporadic

India,South-East Asia Region of WHO,Southern Asia,2012,49,2012-12-03,2012-12-09,369,369,0,9,2,0,0,11,0,0,7,7,18,,Sporadic

India,South-East Asia Region of WHO,Southern Asia,2012,50,2012-12-10,2012-12-16,309,309,0,9,5,0,0,14,0,0,10,10,24,,Sporadic

India,South-East Asia Region of WHO,Southern Asia,2012,51,2012-12-17,2012-12-23,179,169,0,4,1,0,0,5,0,0,6,6,11,,Sporadic

India,South-East Asia Region of WHO,Southern Asia,2012,52,2012-12-24,2012-12-30,208,208,0,9,1,0,0,10,0,0,6,6,16,,Sporadic


