Country,WHOREGION,FLUREGION,Year,Week,SDATE,EDATE,SPEC_RECEIVED_NB,SPEC_PROCESSED_NB,AH1,AH1N12009,AH3,AH5,ANOTSUBTYPED,INF_A,BYAMAGATA,BVICTORIA,BNOTDETERMINED,INF_B,ALL_INF,ALL_INF2,TITLE

Cuba,Region of the Americas of WHO,Central America and Caribbean,2019,1,2018-12-31,2019-01-06,,14,0,0,0,,0,0,0,0,0,0,0,14,No Report

Cuba,Region of the Americas of WHO,Central America and Caribbean,2019,2,2019-01-07,2019-01-13,,14,0,0,0,,0,0,2,0,0,2,2,12,No Report

Cuba,Region of the Americas of WHO,Central America and Caribbean,2019,3,2019-01-14,2019-01-20,,15,0,7,0,,0,7,0,0,0,0,7,8,No Report

Cuba,Region of the Americas of WHO,Central America and Caribbean,2019,4,2019-01-21,2019-01-27,,41,0,3,0,,0,3,0,0,0,0,3,38,No Report

Cuba,Region of the Americas of WHO,Central America and Caribbean,2019,5,2019-01-28,2019-02-03,,33,0,0,0,,0,0,0,0,0,0,0,33,No Report

Cuba,Region of the Americas of WHO,Central America and Caribbean,2019,6,2019-02-04,2019-02-10,,65,0,2,0,,0,2,0,0,0,0,2,63,No Report

Cuba,Region of the Americas of WHO,Central America and Caribbean,2019,7,2019-02-11,2019-02-17,,51,0,7,0,,0,7,0,0,0,0,7,44,No Report

Cuba,Region of the Americas of WHO,Central America and Caribbean,2019,8,2019-02-18,2019-02-24,,41,0,8,0,,0,8,0,0,0,0,8,33,No Report

Cuba,Region of the Americas of WHO,Central America and Caribbean,2019,9,2019-02-25,2019-03-03,,77,0,11,0,,0,11,0,0,0,0,11,66,No Report

Cuba,Region of the Americas of WHO,Central America and Caribbean,2019,10,2019-03-04,2019-03-10,,49,0,5,0,,0,5,0,0,0,0,5,44,No Report

Cuba,Region of the Americas of WHO,Central America and Caribbean,2019,11,2019-03-11,2019-03-17,,85,0,23,0,,0,23,0,0,0,0,23,62,No Report

Cuba,Region of the Americas of WHO,Central America and Caribbean,2019,12,2019-03-18,2019-03-24,,81,0,19,0,,0,19,0,0,0,0,19,62,No Report

Cuba,Region of the Americas of WHO,Central America and Caribbean,2019,13,2019-03-25,2019-03-31,,75,0,10,0,,0,10,0,0,0,0,10,65,No Report

Cuba,Region of the Americas of WHO,Central America and Caribbean,2019,14,2019-04-01,2019-04-07,,62,0,3,0,,0,3,0,0,0,0,3,59,No Report

Cuba,Region of the Americas of WHO,Central America and Caribbean,2019,15,2019-04-08,2019-04-14,,86,0,6,0,,0,6,0,1,0,1,7,79,No Report

Cuba,Region of the Americas of WHO,Central America and Caribbean,2019,16,2019-04-15,2019-04-21,,99,0,19,0,,0,19,0,0,0,0,19,80,No Report

Cuba,Region of the Americas of WHO,Central America and Caribbean,2019,17,2019-04-22,2019-04-28,,74,0,16,0,,0,16,0,0,0,0,16,58,No Report

Cuba,Region of the Americas of WHO,Central America and Caribbean,2019,18,2019-04-29,2019-05-05,,68,0,8,0,,0,8,0,0,0,0,8,60,No Report

Cuba,Region of the Americas of WHO,Central America and Caribbean,2019,19,2019-05-06,2019-05-12,,27,0,0,0,,0,0,0,0,0,0,0,27,No Report

Cuba,Region of the Americas of WHO,Central America and Caribbean,2019,20,2019-05-13,2019-05-19,,56,0,4,0,,0,4,0,0,0,0,4,52,No Report

Cuba,Region of the Americas of WHO,Central America and Caribbean,2019,21,2019-05-20,2019-05-26,,51,0,12,0,,0,12,0,2,0,2,14,37,No Report

Cuba,Region of the Americas of WHO,Central America and Caribbean,2019,22,2019-05-27,2019-06-02,,39,0,4,0,,0,4,0,0,0,0,4,35,No Report

Cuba,Region of the Americas of WHO,Central America and Caribbean,2019,23,2019-06-03,2019-06-09,,85,0,7,0,,0,7,0,4,0,4,11,74,No Report

Cuba,Region of the Americas of WHO,Central America and Caribbean,2019,24,2019-06-10,2019-06-16,,59,0,4,0,,0,4,0,0,0,0,4,55,No Report

Cuba,Region of the Americas of WHO,Central America and Caribbean,2019,25,2019-06-17,2019-06-23,,109,0,9,5,,0,14,0,2,0,2,16,93,No Report

Cuba,Region of the Americas of WHO,Central America and Caribbean,2019,26,2019-06-24,2019-06-30,,70,0,2,5,,0,7,0,2,0,2,9,61,No Report

Cuba,Region of the Americas of WHO,Central America and Caribbean,2019,27,2019-07-01,2019-07-07,,82,0,5,8,,0,13,0,1,0,1,14,68,No Report

Cuba,Region of the Americas of WHO,Central America and Caribbean,2019,28,2019-07-08,2019-07-14,,57,0,7,4,,0,11,0,0,0,0,11,46,No Report

Cuba,Region of the Americas of WHO,Central America and Caribbean,2019,29,2019-07-15,2019-07-21,,68,0,10,6,,0,16,0,4,0,4,20,48,No Report

Cuba,Region of the Americas of WHO,Central America and Caribbean,2019,30,2019-07-22,2019-07-28,,57,0,3,10,,0,13,0,2,0,2,15,42,No Report

Cuba,Region of the Americas of WHO,Central America and Caribbean,2019,31,2019-07-29,2019-08-04,,48,0,10,0,,0,10,0,0,0,0,10,38,No Report

Cuba,Region of the Americas of WHO,Central America and Caribbean,2019,32,2019-08-05,2019-08-11,,74,0,2,1,,0,3,0,3,0,3,6,68,No Report

Cuba,Region of the Americas of WHO,Central America and Caribbean,2019,33,2019-08-12,2019-08-18,,53,0,0,0,,0,0,0,2,0,2,2,51,No Report

Cuba,Region of the Americas of WHO,Central America and Caribbean,2019,34,2019-08-19,2019-08-25,,69,0,0,3,,0,3,0,0,0,0,3,66,No Report

Cuba,Region of the Americas of WHO,Central America and Caribbean,2019,35,2019-08-26,2019-09-01,,61,0,0,4,,0,4,0,0,0,0,4,57,No Report

Cuba,Region of the Americas of WHO,Central America and Caribbean,2019,36,2019-09-02,2019-09-08,,78,0,0,0,,0,0,0,3,0,3,3,75,No Report

Cuba,Region of the Americas of WHO,Central America and Caribbean,2019,37,2019-09-09,2019-09-15,,64,0,0,5,,0,5,0,6,0,6,11,53,No Report

Cuba,Region of the Americas of WHO,Central America and Caribbean,2019,38,2019-09-16,2019-09-22,,42,0,0,0,,0,0,0,0,0,0,0,42,No Report

Cuba,Region of the Americas of WHO,Central America and Caribbean,2019,39,2019-09-23,2019-09-29,,69,0,0,2,,0,2,0,8,0,8,10,59,No Report

Cuba,Region of the Americas of WHO,Central America and Caribbean,2019,40,2019-09-30,2019-10-06,,83,0,0,4,,0,4,0,4,0,4,8,75,No Report

Cuba,Region of the Americas of WHO,Central America and Caribbean,2019,41,2019-10-07,2019-10-13,,113,0,2,2,,0,4,0,10,0,10,14,99,No Report

Cuba,Region of the Americas of WHO,Central America and Caribbean,2019,42,2019-10-14,2019-10-20,,18,0,0,2,,0,2,0,4,0,4,6,12,No Report

Cuba,Region of the Americas of WHO,Central America and Caribbean,2019,43,2019-10-21,2019-10-27,,83,0,0,0,,0,0,0,10,0,10,10,73,No Report

Cuba,Region of the Americas of WHO,Central America and Caribbean,2019,44,2019-10-28,2019-11-03,,45,0,0,4,,0,4,0,5,0,5,9,36,No Report

Cuba,Region of the Americas of WHO,Central America and Caribbean,2019,45,2019-11-04,2019-11-10,,66,0,2,10,,0,12,0,10,0,10,22,44,No Report

Cuba,Region of the Americas of WHO,Central America and Caribbean,2019,46,2019-11-11,2019-11-17,,40,0,0,4,,0,4,0,4,0,4,8,32,No Report

Cuba,Region of the Americas of WHO,Central America and Caribbean,2019,47,2019-11-18,2019-11-24,,46,0,0,0,,0,0,0,9,0,9,9,37,No Report

Cuba,Region of the Americas of WHO,Central America and Caribbean,2019,48,2019-11-25,2019-12-01,,78,0,0,1,,0,1,0,21,0,21,22,56,No Report

Cuba,Region of the Americas of WHO,Central America and Caribbean,2019,49,2019-12-02,2019-12-08,,65,0,0,0,,0,0,0,15,0,15,15,50,No Report

Cuba,Region of the Americas of WHO,Central America and Caribbean,2019,50,2019-12-09,2019-12-15,,54,0,0,8,,0,8,0,6,0,6,14,40,No Report

Cuba,Region of the Americas of WHO,Central America and Caribbean,2019,51,2019-12-16,2019-12-22,,54,0,0,0,,3,3,0,0,2,2,5,49,No Report

Cuba,Region of the Americas of WHO,Central America and Caribbean,2019,52,2019-12-23,2019-12-29,,,,,,,,,,,,,,,No Report


