Country,WHOREGION,FLUREGION,Year,Week,SDATE,EDATE,SPEC_RECEIVED_NB,SPEC_PROCESSED_NB,AH1,AH1N12009,AH3,AH5,ANOTSUBTYPED,INF_A,BYAMAGATA,BVICTORIA,BNOTDETERMINED,INF_B,ALL_INF,ALL_INF2,TITLE

Bolivia (Plurinational State of),Region of the Americas of WHO,Tropical South America,2018,1,2018-01-01,2018-01-07,,18,0,0,2,,0,2,1,0,0,1,3,15,No Report

Bolivia (Plurinational State of),Region of the Americas of WHO,Tropical South America,2018,2,2018-01-08,2018-01-14,,21,0,0,0,,0,0,1,0,0,1,1,20,No Report

Bolivia (Plurinational State of),Region of the Americas of WHO,Tropical South America,2018,3,2018-01-15,2018-01-21,,21,0,1,0,,0,1,3,0,0,3,4,17,No Report

Bolivia (Plurinational State of),Region of the Americas of WHO,Tropical South America,2018,4,2018-01-22,2018-01-28,,18,0,0,0,,0,0,0,0,0,0,0,18,No Report

Bolivia (Plurinational State of),Region of the Americas of WHO,Tropical South America,2018,5,2018-01-29,2018-02-04,,32,0,1,0,,0,1,4,0,0,4,5,27,No Report

Bolivia (Plurinational State of),Region of the Americas of WHO,Tropical South America,2018,6,2018-02-05,2018-02-11,,25,0,1,2,,0,3,2,0,0,2,5,20,No Report

Bolivia (Plurinational State of),Region of the Americas of WHO,Tropical South America,2018,7,2018-02-12,2018-02-18,,34,0,4,0,,0,4,9,0,0,9,13,21,No Report

Bolivia (Plurinational State of),Region of the Americas of WHO,Tropical South America,2018,8,2018-02-19,2018-02-25,,57,0,4,0,,0,4,17,0,0,17,21,36,No Report

Bolivia (Plurinational State of),Region of the Americas of WHO,Tropical South America,2018,9,2018-02-26,2018-03-04,,64,0,2,1,,1,4,9,0,1,10,14,50,No Report

Bolivia (Plurinational State of),Region of the Americas of WHO,Tropical South America,2018,10,2018-03-05,2018-03-11,,69,0,11,0,,0,11,9,0,0,9,20,49,No Report

Bolivia (Plurinational State of),Region of the Americas of WHO,Tropical South America,2018,11,2018-03-12,2018-03-18,,74,0,8,0,,0,8,17,0,1,18,26,48,No Report

Bolivia (Plurinational State of),Region of the Americas of WHO,Tropical South America,2018,12,2018-03-19,2018-03-25,,100,0,13,0,,1,14,20,0,0,20,34,66,No Report

Bolivia (Plurinational State of),Region of the Americas of WHO,Tropical South America,2018,13,2018-03-26,2018-04-01,,106,0,20,0,,0,20,29,0,1,30,50,56,No Report

Bolivia (Plurinational State of),Region of the Americas of WHO,Tropical South America,2018,14,2018-04-02,2018-04-08,,198,0,48,0,,2,50,23,0,4,27,77,121,No Report

Bolivia (Plurinational State of),Region of the Americas of WHO,Tropical South America,2018,15,2018-04-09,2018-04-15,,363,0,138,1,,11,150,8,1,29,38,188,175,No Report

Bolivia (Plurinational State of),Region of the Americas of WHO,Tropical South America,2018,16,2018-04-16,2018-04-22,,694,0,194,0,,69,263,16,0,89,105,368,326,No Report

Bolivia (Plurinational State of),Region of the Americas of WHO,Tropical South America,2018,17,2018-04-23,2018-04-29,,630,0,70,0,,191,261,10,2,89,101,362,268,No Report

Bolivia (Plurinational State of),Region of the Americas of WHO,Tropical South America,2018,18,2018-04-30,2018-05-06,,506,0,23,0,,152,175,10,0,38,48,223,283,No Report

Bolivia (Plurinational State of),Region of the Americas of WHO,Tropical South America,2018,19,2018-05-07,2018-05-13,,371,0,43,2,,31,76,10,1,9,20,96,275,No Report

Bolivia (Plurinational State of),Region of the Americas of WHO,Tropical South America,2018,20,2018-05-14,2018-05-20,,254,0,31,0,,0,31,21,3,2,26,57,197,No Report

Bolivia (Plurinational State of),Region of the Americas of WHO,Tropical South America,2018,21,2018-05-21,2018-05-27,,248,0,33,0,,0,33,22,0,0,22,55,193,No Report

Bolivia (Plurinational State of),Region of the Americas of WHO,Tropical South America,2018,22,2018-05-28,2018-06-03,,215,0,33,2,,0,35,23,0,3,26,61,154,No Report

Bolivia (Plurinational State of),Region of the Americas of WHO,Tropical South America,2018,23,2018-06-04,2018-06-10,,267,0,21,5,,0,26,45,2,0,47,73,194,No Report

Bolivia (Plurinational State of),Region of the Americas of WHO,Tropical South America,2018,24,2018-06-11,2018-06-17,,207,0,13,4,,0,17,28,1,1,30,47,160,No Report

Bolivia (Plurinational State of),Region of the Americas of WHO,Tropical South America,2018,25,2018-06-18,2018-06-24,,169,0,21,3,,2,26,18,1,2,21,47,122,No Report

Bolivia (Plurinational State of),Region of the Americas of WHO,Tropical South America,2018,26,2018-06-25,2018-07-01,,213,0,16,4,,0,20,18,0,0,18,38,175,No Report

Bolivia (Plurinational State of),Region of the Americas of WHO,Tropical South America,2018,27,2018-07-02,2018-07-08,,145,0,11,3,,0,14,13,1,1,15,29,116,No Report

Bolivia (Plurinational State of),Region of the Americas of WHO,Tropical South America,2018,28,2018-07-09,2018-07-15,,117,0,10,2,,0,12,3,0,0,3,15,102,No Report

Bolivia (Plurinational State of),Region of the Americas of WHO,Tropical South America,2018,29,2018-07-16,2018-07-22,,98,0,7,1,,0,8,7,0,0,7,15,83,No Report

Bolivia (Plurinational State of),Region of the Americas of WHO,Tropical South America,2018,30,2018-07-23,2018-07-29,,89,0,7,2,,0,9,4,0,0,4,13,76,No Report

Bolivia (Plurinational State of),Region of the Americas of WHO,Tropical South America,2018,31,2018-07-30,2018-08-05,,83,0,2,0,,0,2,3,0,0,3,5,78,No Report

Bolivia (Plurinational State of),Region of the Americas of WHO,Tropical South America,2018,32,2018-08-06,2018-08-12,,82,0,2,1,,0,3,1,0,0,1,4,78,No Report

Bolivia (Plurinational State of),Region of the Americas of WHO,Tropical South America,2018,33,2018-08-13,2018-08-19,,66,0,0,1,,0,1,1,0,0,1,2,64,No Report

Bolivia (Plurinational State of),Region of the Americas of WHO,Tropical South America,2018,34,2018-08-20,2018-08-26,,44,0,2,0,,0,2,1,0,0,1,3,41,No Report

Bolivia (Plurinational State of),Region of the Americas of WHO,Tropical South America,2018,35,2018-08-27,2018-09-02,,54,0,0,2,,0,2,0,0,0,0,2,52,No Report

Bolivia (Plurinational State of),Region of the Americas of WHO,Tropical South America,2018,36,2018-09-03,2018-09-09,,61,0,4,3,,0,7,1,0,0,1,8,53,No Report

Bolivia (Plurinational State of),Region of the Americas of WHO,Tropical South America,2018,37,2018-09-10,2018-09-16,,57,0,0,4,,0,4,0,0,0,0,4,53,No Report

Bolivia (Plurinational State of),Region of the Americas of WHO,Tropical South America,2018,38,2018-09-17,2018-09-23,,65,0,0,5,,0,5,0,0,0,0,5,60,No Report

Bolivia (Plurinational State of),Region of the Americas of WHO,Tropical South America,2018,39,2018-09-24,2018-09-30,,53,0,1,3,,0,4,0,0,0,0,4,49,No Report

Bolivia (Plurinational State of),Region of the Americas of WHO,Tropical South America,2018,40,2018-10-01,2018-10-07,,60,0,1,10,,0,11,0,0,0,0,11,49,No Report

Bolivia (Plurinational State of),Region of the Americas of WHO,Tropical South America,2018,41,2018-10-08,2018-10-14,,36,0,1,6,,0,7,0,0,0,0,7,29,No Report

Bolivia (Plurinational State of),Region of the Americas of WHO,Tropical South America,2018,42,2018-10-15,2018-10-21,,50,0,1,9,,0,10,0,0,0,0,10,40,No Report

Bolivia (Plurinational State of),Region of the Americas of WHO,Tropical South America,2018,43,2018-10-22,2018-10-28,,29,0,0,3,,0,3,0,0,0,0,3,26,No Report

Bolivia (Plurinational State of),Region of the Americas of WHO,Tropical South America,2018,44,2018-10-29,2018-11-04,,41,0,2,1,,2,5,0,0,0,0,5,36,No Report

Bolivia (Plurinational State of),Region of the Americas of WHO,Tropical South America,2018,45,2018-11-05,2018-11-11,,39,0,0,3,,0,3,0,0,0,0,3,36,No Report

Bolivia (Plurinational State of),Region of the Americas of WHO,Tropical South America,2018,46,2018-11-12,2018-11-18,,29,0,0,1,,2,3,0,0,0,0,3,26,No Report

Bolivia (Plurinational State of),Region of the Americas of WHO,Tropical South America,2018,47,2018-11-19,2018-11-25,,50,0,1,3,,0,4,0,0,0,0,4,46,No Report

Bolivia (Plurinational State of),Region of the Americas of WHO,Tropical South America,2018,48,2018-11-26,2018-12-02,,28,0,2,0,,0,2,0,0,0,0,2,26,No Report

Bolivia (Plurinational State of),Region of the Americas of WHO,Tropical South America,2018,49,2018-12-03,2018-12-09,,41,0,0,7,,0,7,0,0,0,0,7,34,No Report

Bolivia (Plurinational State of),Region of the Americas of WHO,Tropical South America,2018,50,2018-12-10,2018-12-16,,45,0,0,5,,0,5,0,0,0,0,5,40,No Report

Bolivia (Plurinational State of),Region of the Americas of WHO,Tropical South America,2018,51,2018-12-17,2018-12-23,,50,0,0,3,,0,3,0,0,0,0,3,47,No Report

Bolivia (Plurinational State of),Region of the Americas of WHO,Tropical South America,2018,52,2018-12-24,2018-12-30,,46,0,0,8,,0,8,0,0,0,0,8,38,No Report


